48.1
44.42
47.49
38.9
48.94
43.62
46.53
42.19
40.18
41.84
47.43
49.76
48.36
40.67
40.14
48.28
46.89
55.8
37.99
48.26
47.59
45.19
48.09
48.15
41.7
41.57
38.51
49.28
47.2
42.61
40.23
41.58
48.51
38.64
41.42
41.8
39.86
39.66
44.7
40.29
47.22
38.87
44.27
41.07
44.43
44.52
39.01
37.33
44.1
43.23
47.22
45.15
40.33
37.97
45.51
44.16
45.55
37.31
45.28
42.38
38.82
46.51
48.39
45.69
45.71
41.28
46.07
39.65
42.72
43.82
41.45
46.93
47.58
45.07
44.27
41.45
37.64
37.48
34.15
37.84
39.94
42.07
46.15
41.96
44.12
37.98
47.09
47.23
43.72
48.13
43.32
40.38
39.76
44.15
40.68
39.4
39.17
44.25
40.27
49.02
38.19
42.09
40.17
42.32
46.88
44.57
43.13
41.06
37.72
47.39
39.3
47.87
42.03
44.09
46.66
47.12
47.16
41.59
39.97
41.52
45.92
48.79
44.94
47.86
41.63
44.01
41.98
43.1
37.31
46.18
38.92
47.61
40.9
49.72
39.88
48.07
45.5
47.6
49.26
45.99
39.52
41.27
38.96
39.98
37.4
40.73
43.68
48.37
42.76
43.84
46.3
39.24
44.96
44.93
37.64
45.49
38.51
38.39
42.65
39.36
37.5
45.1
38.32
44.56
38.37
45.69
37.75
38.01
45.62
37.96
48.63
45.71
47.06
45.59
42.11
48.07
37.63
42.4
41.64
37.28
46.91
46.4
42.37
38.44
40.4
43.85
43.65
44.03
48.56
45.64
45.55
48.03
46.25
47.96
39.99
49.05
49.66
46.74
41.83
40.77
44.83
40.65
49.81
45.28
37.39
45.16
39.01
38.93
43.56
40.74
47.48
44.09
40.17
37.2
47.89
41.11
42.28
46.75
38.8
43.27
45.01
46.53
48.37
45.42
39.32
44.64
42.12
57.13
39.83
47.54
45.27
45.19
38.34
37.7
46.74
41.89
37.54
46
44.84
46.16
48.52
37.65
44.26
37.28
40.9
40.11
43.9
42.95
39.25
46.19
45.48
37.97
43.44
45.4
45.42
43.8
41.93
44.78
45.97
48.3
40.43
37.73
40.88
44.74
49.61
44.11
45.51
37.27
47.75
41.95
40.54
40.08
48.45
45.71
39.29
47.84
48.78
48.1
40.83
39.6
44.42
37.27
49.69
47.58
48.16
41.94
38.35
43.32
49.88
39.39
43.29
38.52
42.17
49.64
38.36
39.09
38.37
46.58
39.23
47.24
43.28
44.83
40.41
49.88
49.83
44.17
39.4
47.79
39.45
44.96
42.58
40.03
49.23
47.7
49.35
41.42
48.52
47.41
49.26
48.56
37.33
47.74
47.54
45.14
47.36
37.36
37.67
38.16
48.14
49.88
49.06
43.87
44.27
43.44
45.88
37.56
43.39
44.75
42.58
38.88
49.11
45.53
43.03
38.83
37.64
39.99
48.82
40.34
41.873
47.234
47.54
44.86
39.06
38.43
46.01
45.79
48.83
44.59
42.73
46.81
45.07
47.68
48.17
48.57
44.48
37.69
39.97
42.02
46.76
44.57
44.52
46.02
37.93
48.62
41.9
43.22
45.23
49.82
44.48
39.64
40.85
42.52
40.06
46.26
38.1
46.49
40.06
42.41
44.17
45.4
43.57
45.003
45.14
44.86
42.21
38.42
42.6
47.69
42.65
44.97
47.53
44.84
49.23
46.93
39.15
46.83
40.32
37.52
38.16
45.7
40.64
49.75
37.7
41.16
47.14
43.35
48.91
42.93
47.08
45.09
47.008
44.11
46.05
44.43
48.15
38.56
40.77
45.02
39.62
41.33
42.95
40.31
42.18
38.38
47.73
41.7
38.19
45.9
45.22
49.37
38.96
41.74
48.91
39.8
44.13
41.9
47.34
39.93
39.63
44.43
46.16
39.111
44
47.7
48.58
42.03
39.38
45.95
40.47
39.13
38.25
49.43
40.28
40.84
48.67
40.54
44.75
38.4
38.98
37.59
49.29
38.16
49.44
45.56
46.36
41.52
44.52
43.622
38.24
44.07
46.91
48.22
47.32
41.07
40.47
45.31
43.17
48.76
38.36
49.2
38.87
49.51
45.46
40
43.23
48.41
49.17
41.1
43.29
40.1
42.1
46.68
40.52
46.4
40.7734
39.76
21.13
45.99
48.04
49.41
44.3
39.5
40.002
38.018
40.003
38.222
40.18
41.84
47.43
49.76
48.36
40.67
40.14
48.28
46.89
55.8
37.99
48.26
47.59
45.19
48.09
48.15
41.7
41.57
38.51
49.28
47.2
42.61
40.23
41.58
48.51
38.64
41.42
41.8
39.86
39.66
44.7
40.29
47.22
38.87
44.27
41.07
44.43
44.52
39.01
37.33
44.1
43.23
47.22
45.15
40.33
37.97
45.51
44.16
45.55
37.31
45.28
42.38
38.82
46.51
48.39
45.69
45.71
41.28
46.07
39.65
42.72
43.82
41.45
46.93
47.58
45.07
44.27
41.45
37.64
37.48
34.15
37.84
39.94
42.07
46.15
41.96
44.12
37.98
47.09
47.23
43.72
48.13
43.32
40.38
39.76
44.15
40.68
39.4
39.17
44.25
40.27
49.02
38.19
42.09
40.17
42.32
46.88
44.57
43.13
41.06
37.72
47.39
39.3
47.87
42.03
44.09
46.66
47.12
47.16
41.59
39.97
41.52
45.92
48.79
44.94
47.86
41.63
44.01
41.98
43.1
37.31
46.18
38.92
47.61
40.9
49.72
39.88
48.07
45.5
47.6
49.26
45.99
39.52
41.27
38.96
39.98
37.4
40.73
43.68
48.37
42.76
43.84
46.3
39.24
44.96
44.93
37.64
45.49
38.51
38.39
42.65
39.36
37.5
45.1
38.32
44.56
38.37
45.69
37.75
38.01
45.62
37.96
48.63
45.71
47.06
45.59
42.11
48.07
37.63
42.4
41.64
37.28
46.91
46.4
42.37
38.44
40.4
43.85
43.65
44.03
48.56
45.64
45.55
48.03
46.25
47.96
39.99
49.05
49.66
46.74
41.83
40.77